start=1269.769000
pause=yes
volume=115.000000
fullscreen=yes
aid=5
